Open response
0    1	02					Reply Start
1    2	10 17					Model
3    1	13 					Firmware
4    12	3030 3030 3030 3031 3137 3636		Address
16   8	3030 3030 3030 3439			Total kWh
24   8	3030 3030 3030 3439			ToU1 kWh
32   8	3030 3030 3030 3030			ToU2 kWh
40   8	3030 3030 3030 3030			ToU3 kWh
48   8	3030 3030 3030 3030			ToU4 kWh
56   8	3030 3030 3030 3030			Total Reverse kWh
64   8	3030 3030 3030 3030			ToU1 Reverse kWh
72   8	3030 3030 3030 3030			ToU2 Reverse kWh
80   8	3030 3030 3030 3030			ToU3 Reverse kWh
88   8	3030 3030 3030 3030			ToU4 Reverse kWh
96   4	3233 3839				L1 Volts
100  4	3030 3030				L2 Volts
104  4	3030 3030				L3 Volts
108  5	3030 3030 30				L1 Amps
113  5	3030 3030 30				L2 Amps
118  5	3030 3030 30				L3 Amps
123  7	3030 3030 3030 30			L1 Power
130  7	3030 3030 3030 30			L2 Power
137  7	3030 3030 3030 30			L3 Power
144  7	3030 3030 3030 30			Total Power
151  4	4330 3030				L1 PF
155  4	4330 3030				L2 PF
159  4	4330 3030				L3 PF
163  8	3030 3030 3830 3530			Max Demand
170  1  30					Pad
171  1	33					Demand Period
172  14	3132 3037 3037 3037 3132 3239 3237	Date
186  4	3032 3030				CT Size
190  8	3030 3030 3030 3030			Pulse 1
198  8	3030 3030 3030 3030			Pulse 2
206  8	3030 3030 3030 3030			Pulse 3
214  4	3030 3030				Pulse 1 ratio
218  4	3030 3030				Pulse 2 ratio
222  4	3030 3030				Pulse 3 ratio
226  3	3030 30					Pad
229  3	3030 30					Pulse H/L
232  17	3030 3030 3030 3030 3030 3030 3030 3030 30	Reserved
249  4	210d 0a03				End
253  2	2a05					CRC


0071(
0000 0 0
0000 0 0
0000 0 0
0000 0 0
	000000000000000000000000
0000 0 0
0000 0 0
0000 0 0
0000 0 0
	000000000000000000000000
070001
220002
000000
000000
	000000000000000000000000
070001
220002
000000
000000
	000000000000000000000000
010301
000000
000000
000000
	000000000000000000000000
00000)

0071(070001220002000000000000000000000000000000000000070001220002000000000000000000000000000000000000070001220002000000000000000000000000000000000000070001220002000000000000000000000000000000000000120101000000000000000000000000^C000000000000000000000)o
